%YAML:1.0
---
intrinsic_left: !!opencv-matrix
   rows: 3
   cols: 3
   dt: d
   data: [ 402.424242, 0., 480.0, 0.,
           402.424242, 190.0, 0., 0., 1. ]
distCoeffs_left: !!opencv-matrix
   rows: 1
   cols: 5
   dt: d
   data: [ 0., 0., 0., 0., 0. ]
intrinsic_right: !!opencv-matrix
   rows: 3
   cols: 3
   dt: d
   data: [ 402.424242, 0., 480.0, 0.,
           402.424242, 190.0, 0., 0., 1. ]
distCoeffs_right: !!opencv-matrix
   rows: 1
   cols: 5
   dt: d
   data: [ 0., 0., 0., 0., 0. ]
R: !!opencv-matrix
   rows: 3
   cols: 3
   dt: d
   data: [ 1., 0., 0., 0., 1., 0., 0., 0., 1. ]
T: !!opencv-matrix
   rows: 3
   cols: 1
   dt: d
   data: [ -0.2, 0., 0. ]
R_L: !!opencv-matrix
   rows: 3
   cols: 3
   dt: d
   data: [ 1., 0., 0., 0., 1., 0., 0., 0., 1. ]
R_R: !!opencv-matrix
   rows: 3
   cols: 3
   dt: d
   data: [ 1., 0., 0., 0., 1., 0., 0., 0., 1. ]
P1: !!opencv-matrix
   rows: 3
   cols: 4
   dt: d
   data: [ 402.424242, 0., 480.0, 0., 0.,
           402.424242, 190.0, 0., 0., 0., 1., 0. ]
P2: !!opencv-matrix
   rows: 3
   cols: 4
   dt: d
   data: [ 402.424242, 0., 480.0, -80.484848, 0.,
           402.424242, 190.0, 0., 0., 0., 1., 0. ]
Q: !!opencv-matrix
   rows: 4
   cols: 4
   dt: d
   data: [ 1., 0., 0., -480.0, 0., 1., 0., -190.0, 0., 0., 0., 402.424242, 0., 0., 0., 0. ]
validROIL: [ 0, 0, 960, 384 ]
validROIR: [ 0, 0, 960, 384 ]
# 裁剪后的双目相机，内参为：
#
#    左右相机焦距（fx, fy）均为 402.424242。
#    左右相机主点（cx, cy）均为 (480, 192)。
#
#外参（相机之间的相对位置和姿态）保持不变

